6.973594e+04
3.860928e+04
3.305116e+04
2.942033e+04
2.625602e+04
2.345434e+04
2.104568e+04
1.887372e+04
1.696911e+04
1.529433e+04
1.381262e+04
1.252236e+04
1.135591e+04
1.032445e+04
9.406518e+03
8.606335e+03
7.931661e+03
7.335256e+03
6.762714e+03
6.277790e+03
5.865927e+03
5.449143e+03
5.141864e+03
4.866413e+03
4.616522e+03
4.365615e+03
4.177673e+03
3.997732e+03
3.852479e+03
3.674775e+03
3.588129e+03
3.437043e+03
3.319038e+03
3.277425e+03
3.197071e+03
3.169351e+03
3.107375e+03
3.017188e+03
3.015604e+03
2.937357e+03
2.921617e+03
2.886470e+03
2.867830e+03
2.858574e+03
2.833634e+03
2.808915e+03
2.798705e+03
2.780568e+03
2.744599e+03
2.731377e+03
2.726553e+03
