1.229277e+05
7.556447e+04
6.791687e+04
6.296585e+04
5.845320e+04
5.432406e+04
5.041674e+04
4.703971e+04
4.382222e+04
4.082647e+04
3.810491e+04
3.562664e+04
3.338901e+04
3.116915e+04
2.924425e+04
2.751798e+04
2.580232e+04
2.428821e+04
2.290942e+04
2.157581e+04
2.044816e+04
1.930836e+04
1.838547e+04
1.743276e+04
1.667025e+04
1.581746e+04
1.514083e+04
1.438305e+04
1.381999e+04
1.327829e+04
1.281727e+04
1.221844e+04
1.188231e+04
1.146767e+04
1.113449e+04
1.076568e+04
1.042988e+04
1.012217e+04
9.831731e+03
9.642418e+03
9.404975e+03
9.281240e+03
8.995283e+03
8.855836e+03
8.626243e+03
8.522409e+03
8.411271e+03
8.307496e+03
8.215941e+03
8.055485e+03
7.918918e+03
