9.122435e+04
5.353253e+04
4.724112e+04
4.299034e+04
3.930599e+04
3.603552e+04
3.304822e+04
3.030398e+04
2.785260e+04
2.564248e+04
2.358647e+04
2.172738e+04
2.010250e+04
1.865082e+04
1.723494e+04
1.605355e+04
1.495403e+04
1.393814e+04
1.306144e+04
1.223853e+04
1.154510e+04
1.082800e+04
1.018763e+04
9.639940e+03
9.135809e+03
8.735144e+03
8.286873e+03
7.932461e+03
7.621906e+03
7.280313e+03
7.019453e+03
6.730426e+03
6.527986e+03
6.340108e+03
6.184276e+03
6.040204e+03
5.857423e+03
5.729701e+03
5.604648e+03
5.518895e+03
5.413366e+03
5.305662e+03
5.188398e+03
5.166483e+03
5.084962e+03
5.047278e+03
4.957846e+03
4.962304e+03
4.853977e+03
4.866612e+03
4.789276e+03
